21521188
763224354
914813748
304843956
160359976
146365088
684546192
559161540
28230822
534708048
613098874
869294474
393006282
510189838
461858692
44751824
986045798
822261270
664164508
338073144
235904246
929046376
233588246
566287570
630660116
973277892
942072502
962372948
239551080
399523552
260012186
775403060
162108842
771253048
937787626
298408874
240207674
828528742
2936336
393072600
217087292
831287994
223367020
20261546
942055128
751422326
13664814
360765414
917301670
157471056
440443714
932061632
103878880
103442078
569038986
979032938
231698834
870146020
660914324
220379976
892215932
779644358
433494098
848051452
728963562
898126236
94855876
575374814
833335414
328494340
215658926
727229702
211070012
279882742
922219950
517936858
618035790
962712630
901108466
216860628
268093384
355197904
798614164
291354444
187194294
192294802
529996818
956431604
95706168
118931370
48702848
747440448
809415718
416757146
762823014
559341644
713285306
956853960
542724456
110452286
190286721
801895063
231805017
140625621
849934177
241297267
280027605
878141253
523640323
904728441
752584175
702641399
287815269
11762017
311090311
921678809
185053545
558857923
71528143
222720147
298389003
648719413
700869465
295456273
657551889
332001515
805088643
946726775
710349705
455373641
293901373
948244165
622550235
763831323
939979513
510854581
79374055
93798369
309569329
69522695
440926735
47972361
248219493
251025935
888544427
82860999
220892785
95765113
454506591
557791373
639839585
927761279
877987561
207246781
434336627
675364879
85730175
130308601
136045685
172836829
371845057
526184199
82919765
897078153
870237815
535569533
235386037
222825041
825449185
571092985
649977971
776422079
384091873
85757641
649327689
706718645
743265513
990844469
534272485
900860291
906819287
955817999
578915379
558024207
66154853
997522721
728233567
438880901
915573133
832989009
924851649
307610199
297498189
143761391
114414363
675994097
564910641
767602245
298801797
633885687
